60,35
25,1
25,3
3,2
3,1
3,3
10,92
10,226
10,248
10,170
10,64
10,70
10,240
10,1
10,66
10,2
10,3
11,13
11,26
11,9
11,28
11,24
11,5
11,1
11,15
11,2
11,3
9,7
9,6
9,1
9,4
9,2
9,3
8,7
8,14
8,4
8,15
8,13
8,1
8,11
8,2
8,3
12,2
12,1
12,3
20,2
20,1
20,3
19,2
19,1
19,3
18,1
18,3
14,1
14,3
13,1
59,3
13,3
59,2
59,1
59,0
58,3
58,2
58,1
58,0
57,3
57,2
57,1
57,0
56,5
56,4
56,3
2,2
56,2
2,1
56,1
56,0
55,4
55,3
2,3
55,2
55,1
55,0
54,4
54,3
54,2
54,1
54,0
53,4
53,3
53,2
53,1
53,0
0,472
0,0
60,34
60,33
60,32
60,31
60,30
60,29
60,28
60,27
60,26
